signed_curve 1
l 1995 2107 2106 2105 2104 2103 1987 2033 2032
signed_curve 1
l 2019 2066 2065 2064 2063 1992 2056 2055 1982 2098 1993 2062
signed_curve 1
l 2012 2031 2030 2017 2097 2096 2095 2003 2047 2008 2010 2058 2002 2007 2078
signed_curve 1
l 2014 2023 2018 2054 2053 2052 2051 1991 2092 2091
signed_curve 1
l 2059 1996 2057 1983 2045 1988 2022 2021 2015 2026 2025 2024 2011 2076 2075 2074
signed_curve 1
l 2039 2038 1598 2086 2085 1998 2044 2043 2016 2070 2005 2042 2041
signed_curve 1
l 1994 2084 2083 2082 2004 2037 2036 2035 2034 2000 2109 2108 2013 2071 2001
signed_curve 1
l 2079 222 2102 2101 2100 2099 1989 2049