signed_curve 1
l 3169 5064 5162 5208 5377 5376 5251 5150 5059 5374 5373 5372 5060 5401 5400 5399 5398 5149 5461 5202 5408 5407 5148 5329 5012 5393 5259 5361 5132 5213 5423 5111 5415 5414 5056 5522 5173 5045 5226 5101 5529 5528 5277 5495 5494 5493 5492 5491 5295 5392 5091 5486 5485 5140 5459 5151 5432 5169 5421 5218 5195 5427 5296 5124 5041
signed_curve 1
l 5224 5313 5065 5027 5476 5165 5120 5269 5442 5441 5440 5439 5438 5437 5436 5435 5434 5268 5353 5121 5453 5166 5028 5496 5312 5146 5254 5503 5085 5246 5104 5113 5282 5417 2380 5490 5020 5182 5413 5412 5080 5371 5370 5369 5185 5368 5032 5502 5501 5500 5499 5199 5297
signed_curve 1
l 5334 5133 5446 5119 5130 5349 5006 5276 5351 3169
signed_curve 1
l 5052 2912
signed_curve 1
l 5468 5189 5451 5156 5475 5018 5074 5477 5087 5273 5516 5517 5204 5022 5411 5178 5482 5483 5484 5129 5264 5258 5305 5318 5430 5431 5328 5422 5116 5358 5359 5306 5391 5256 5102 5365 5098 5420 5333 5478 5077 5271 5310 5449 5272 5209 5479 5480 5066 5497 5082 5463 5464 5308 5095 5470 5471 5106 5171 5488 5489 5287 5078 5447 5127 5097 5514 5062 5304 5284 5362 5363 5364 5229 5179 5267 5519 5051 5232 5010
signed_curve 1
l 5194 1924 5426 5075 5220 5317 5357 5019 5160 5526 5527 5279 5303 5068 5460 5266 5135 5168 1413 5311 5263 5326 5125 5211 5239 5152 5172 5507 5117 5081 5474 5281 5072 5515 5128 5192 5433 5206 5452 5030 5299 5465 5466 5467 5157 5225 5394 5395 5061 5510 5511 5280 5340 5322 5523 5524 5525 5230 5481 5107 5389 5017 5457 5458 5073 5115 5052
signed_curve 0
l 5274 5283 4581 5235 5402 4422 5513 5167 5222 5003 5216 5139 5518 5243 5197 5418 5037 5261 5390 5040 5262 5289 5033 5252 5521 5044 5380 5381 5382
signed_curve 0
l 5196 5046 5141 5164 5375 5007 5323 5487 5086 5187 5315 5089 5302 5021 5255 5347 5131 5336 5180 5126 5100 5214 5498 5158 5278 5034 5385 5288 5404 5316 5112 5397 5053 5350 5300 5339 5090 5071 5341 5342 5343 5344 5345 5346 5070 5367 5024 5088 5454 5455 5084 5193 5242 5348 5191 5203 5456 5134 5260 5221 5026 5307 5079 5176 5419 5324 5042 5244 365 5233 5147 5096 5205 5301 5005 5506 5314 5183 5170 5469 5250 5013 5029 5210 5396 5212 5109 5237 5247 5270 5215 5257 5384 5016 5403 5309 5014 5015 5355 5356 5069 5425 5337 5110 5504 1901
signed_curve 0
l 5360 5327 5223 2472 5444 5325 5083 5462 5190 5241 5048 5105 5508 5047 5036 5175 5445 5136 5188 5505 5330 5057 5520 5184 5386 5387 5388 3568 5379 5009 5428 5429 5200 5094 5450 5154 5076 5067 5448 5291 5290 5275 5114 5023 5108 5025 5207 5274